4874077
7652731
7986733
8332570
8409778
9881895
10068961
10405740
15664802
15980374
16055559
17624133
21863714
26019614
27848057
28624691
29807222
41289966
42965071
43853729
47347140
59430479
66593502
71163345
72999771
73128201
73408185
73685986
78120278
78650982
80888197
81920346
83160649
88038380
90199339
91480843
92397376
94001191
95087364
98554900
98742494
100738574
100829684
102356149
104242487
104840169
109753678
117471921
117754580
122781817
124947523
127155048
128745856
134023966
134445915
136312337
138845613
146190865
146942595
154700132
154863857
155299265
155398833
156065487
163832007
168087135
168307664
168683210
170404249
172414988
172786010
172923398
175951626
176904106
177295493
179804369
185290564
185564061
188383384
190164307
195145060
201270938
203179914
204823745
207829534
209108195
209666018
209958330
211512484
215004998
220485353
220942861
222091351
226419073
227137755
231217917
233226901
237087261
237874265
238050008
238385554
238967175
242356408
243133800
244685549
252752064
252921526
253780816
253909339
257114005
259632017
264261358
265546375
265614723
265970364
266306281
269181542
270249760
271534037
274483482
277822655
281928886
286142943
286986074
287567345
287983925
289761521
291089891
291952678
292431752
293386680
295542785
295713361
296063290
297032441
300215971
302583085
303825259
303938871
305782323
307254041
308365207
308958261
317669994
317698950
318788842
322764336
324537501
324576819
329844873
332009886
332154805
335121543
335830285
336773018
341886926
343980155
349464050
357396682
358578747
360461701
360983305
361334191
374914743
375669028
376944487
379291359
384058558
384414884
391091374
391757551
393872110
396028396
399552743
402240391
406736181
408623123
411139709
412552392
413145273
414613458
417231819
417483993
418768473
419522757
419734415
423348512
423647760
428735624
430739758
431153807
434311661
436837182
437790651
439563585
443915277
444098194
449560847
450242918
451432170
451819629
457377953
461314065
461391860
466534236
471050148
475551619
479197019
479949892
479963320
480808247
486098275
487873019
490221984
490756529
497044201
498879004
499671028
503931929
506043979
512928643
515449760
516064198
521183319
521716026
522107387
522207406
522414665
522689398
525690642
526095044
530450245
530616899
531791842
535865081
538494582
539266168
540685860
543754749
544801564
545077749
546182864
547936573
548256153
548996624
549717576
553025453
554515434
555481394
562425697
563468527
563696754
569315456
570091232
570317658
571283097
576899407
577932398
581239623
583377271
587817099
588015968
588061484
591117758
592880196
600048152
603812937
605086819
607458845
608821843
614684143
620550518
620803261
623397630
630300031
630861388
631068168
636996804
637749196
640566348
642255490
643200032
646565105
647395292
653063160
660278222
665851645
668380250
668813457
669125312
669954682
674541652
676356369
677553256
678860241
679483851
686646471
690047829
696006776
696350343
697112065
697409352
697964871
702497517
704999868
707104288
709461652
714002600
717128057
721287553
723338735
724610391
724726400
729318810
733859715
735349095
735746705
735884550
738426665
738822315
740441751
740530901
741375620
741660612
741787840
741887055
742517231
746354914
748800343
749685417
750162930
754040028
755292661
758510586
759339179
763100134
764815088
765960861
766027918
766639019
767354972
768228136
774628502
775048797
775250601
775767590
778016677
780007735
780905533
785490732
785643963
788908542
793173317
793997051
794989274
796309901
798703445
800550348
802826165
802928412
804697259
807545701
812657471
813086752
815756053
817667052
818903027
818952085
820849424
822739635
822762992
823643702
825178522
826555758
826620275
826682272
838291230
838747552
843082928
844198192
845967444
846468183
848458471
848498487
851804250
853053848
855535515
857913173
861223608
863817187
865527140
866118509
868943913
868983672
874084066
876101797
877313650
881670767
884241420
884847904
887403933
889706197
893790809
894424977
895014640
895851559
896799240
900168678
906769274
909683284
912356053
913789851
915390040
915580385
918967796
921175114
921748564
923270009
925423931
925829422
927888261
929128093
930730510
932060143
933227136
937881341
939097520
948591052
948775018
953387608
955873999
956406856
962326932
963950299
966481442
968374546
968704458
972079640
972966327
974401676
978234230
982019108
982887309
987578116
988040889
990133908
993320266
995267989
995865948
999056966
1001404425
1002042808
1005956988
1006186002
1006820728
1014256294
1016208983
1021102298
1022485895
1026249547
1026655636
1026839637
1029223839
1038753044
1038820282
1040043046
1041502493
1042199186
1046022548
1048266437
1053230151
1059577394
1061877945
1064712914
1066141173
1070208412
1074781057
1077128597
1081888976
1083534038
1084007467
1084900953
1085664622
1088741653
1091059437
1093303043
1093765520
1095152659
1098253478
1098641835
1099324590
1101285821
1103147533
1103760463
1104135391
1104145533
1106446024
1107344286
1107592168
1110237385
1118732327
1122446052
1124672038
1126836130
1130881179
1133887042
1134549992
1136290949
1138393329
1139811051
1141337733
1141926518
1146018087
1147515018
1150912558
1151586338
1152343502
1152904097
1159214231
1160613016
1160715740
1161227083
1164482241
1170652735
1170723842
1173057241
1173119172
1178084649
1179023544
1179954151
1181092066
1182423732
1182438485
1183099633
1184203010
1186230951
1186596529
1187136514
1187495961
1187536049
1187687426
1189023277
1192645096
1192760149
1193452337
1194344872
1197674867
1201979990
1206247586
1209000566
1212937204
1213393582
1213662148
1214612383
1221909242
1222538819
1225151378
1226143682
1227049659
1228030879
1235051579
1236589808
1240426177
1243172504
1246817797
1247252401
1249749125
1250796512
1259020576
1260066372
1261750615
1267541242
1271365849
1272255541
1274129605
1274340534
1274559264
1278421423
1279566214
1280041539
1281996048
1284345719
1286884158
1286949512
1287838327
1290111398
1291687943
1293965797
1295318650
1296263192
1298027418
1298577667
1298917330
1299071842
1301833592
1305384358
1307635658
1310808318
1312115618
1312405365
1313135069
1314306616
1315302400
1316614546
1316922718
1317468938
1318195165
1321083035
1328950338
1329255532
1330731995
1331119989
1332025175
1334405629
1334750387
1335801862
1336119150
1336908263
1340597855
1341386347
1344496335
1345145159
1346604361
1348135158
1351300450
1352138736
1352261678
1354515583
1355866430
1357069715
1357243419
1357441906
1358540898
1358607134
1360616217
1363595092
1364847074
1365821536
1368426392
1369835140
1371760021
1374109262
1374930797
1376759849
1388868526
1389742748
1394429949
1395972976
1401108177
1403368947
1404376727
1405948052
1413405279
1414672604
1415952428
1418065668
1420061501
1422148851
1422974942
1426681115
1427348692
1427551548
1432854859
1434059083
1435229668
1443378049
1443408346
1447517448
1450370496
1453284635
1455917316
1456825555
1456918420
1467686827
1470782541
1471824674
1472354840
1473252708
1474732151
1478456192
1479060717
1479746223
1480811276
1481731668
1481943145
1481992700
1486817222
1488733281
1494114976
1494599734
1501043161
1502239844
1502837522
1507496860
1507685862
1513716576
1514341327
1517021951
1517409468
1517602502
1519870313
1521238055
1523855940
1525367097
1527936413
1527966553
1527970282
1534365292
1536882581
1537575800
1537870265
1538325027
1539235795
1540270806
1542352026
1542879066
1545047520
1545685666
1547466036
1548763023
1554962038
1556417679
1558608673
1559368219
1564352623
1565396379
1565439962
1565519434
1565694374
1566841050
1572446904
1573506168
1574805404
1580760713
1585288716
1585721274
1587072934
1587402313
1589253011
1597448606
1598064265
1599201132
1600610503
1601433161
1601687003
1601749972
1602884220
1603128493
1604596048
1610101611
1610743573
1619517736
1620595946
1621040616
1622130315
1624215765
1625647867
1627527250
1631202818
1632837527
1634681975
1636370038
1643822317
1644870235
1646632180
1650666845
1650796960
1651207583
1652757199
1653069064
1656323559
1659479777
1664042108
1665429824
1667617160
1667667403
1668850948
1670971175
1672460232
1674127278
1675075036
1683047754
1686980609
1691952490
1692351790
1698849131
1700886576
1701834385
1701975336
1702662590
1710261303
1710361061
1710404396
1713829234
1716676777
1724352831
1724450326
1725598425
1726087723
1735715335
1740965581
1742757834
1744477433
1754682299
1755395868
1756854883
1762121232
1765232727
1767533983
1769088182
1773731372
1774536780
1774868954
1774983968
1777071439
1778276471
1781458827
1782878113
1783948538
1786581537
1788470513
1788835441
1789788510
1791223096
1792856477
1793316560
1793826626
1796895032
1798553632
1800110806
1800117614
1801803717
1801908673
1802455815
1803718703
1806124529
1806760384
1807796370
1809452348
1811726886
1813327190
1813392773
1814094064
1814500475
1814776069
1815862067
1817522001
1817659498
1819558117
1820559125
1823841323
1826436549
1830946806
1835572647
1839389382
1840134697
1841878981
1842263488
1844044093
1851367575
1852272932
1853247941
1854439840
1856330132
1858790709
1859633858
1862689599
1867009801
1869084956
1876517737
1880334520
1882672401
1883184701
1883542826
1885872527
1887502249
1889001753
1893078141
1896174971
1897841273
1898322421
1900525369
1904240644
1910689087
1913104047
1917486550
1917547199
1919064337
1921621459
1922654574
1923256844
1923420599
1928015249
1928807262
1929133550
1931992509
1936245746
1940741125
1948088521
1948871560
1949850561
1950631600
1950745861
1953858546
1957140373
1957378681
1969330720
1971094749
1972035767
1973554260
1975106494
1975167652
1975968826
1978522623
1980978362
1983530029
1985091863
1988820459
1991140527
1991599469
1992010590
1992653403
1999267863
1999463292
2003079677
2004485262
2008936476
2010849423
2019350180
2021079053
2027131665
2028666312
2031865240
2033270024
2034238716
2035929956
2037195881
2039376039
2042434690
2045178754
2046637293
2048219623
2048689410
2050522359
2051047124
2051475192
2052806624
2055744151
2056658230
2064482635
2066648680
2069837243
2070837393
2073622656
2075123104
2075129825
2075798530
2076848709
2078920722
2080619261
2082508732
2084162540
2087130182
2091176307
2093317572
2094061116
2094689487
2095185014
2097688456
2098944566
2101184416
2102712878
2103913509
2105884406
2106026254
2107849346
2107977261
2109291014
2113235362
2113830827
2115689592
2117496317
2117714041
2117860391
2119075837
2119958679
2120092093
2120803605
2120901688
2126424345
2127251763
2127978020
2129593258
2134054575
2134330761
2135502229
2135750781
2135873508
2141336474
2141832437
